%YAML:1.0
---
image_width: 1500
image_height: 2000
square_size_mm: 25.399999618530273
camera_matrix: !!opencv-matrix
   rows: 3
   cols: 3
   dt: d
   data: [ 1541.3441555931242, 0., 746.98521715293009, 0.,
       1537.6152108458371, 988.65484211427258, 0., 0., 1. ]
distortion_coefficients: !!opencv-matrix
   rows: 5
   cols: 1
   dt: d
   data: [ 0.29134195156004977, -1.951634804651917,
       -0.00077073871409449228, -0.00076836010761207978,
       3.9679316829203342 ]
