%YAML:1.0
---
essential_matrix: !!opencv-matrix
   rows: 3
   cols: 3
   dt: d
   data: [ 1.4968161355312046, -9.0333764605805023, -12.005236177310268,
       13.71769925432864, -0.50593978946387985, -24.907849869397943,
       14.260907532521726, 25.100620705692329, 0.61505564281687342 ]
rotation_matrix: !!opencv-matrix
   rows: 3
   cols: 3
   dt: d
   data: [ 0.98614542420835127, -0.061421517249481888,
       0.15409282764523002, 0.064540080952504728, 0.99779761591080174,
       -0.015313250254740627, -0.1528128929886973, 0.025046255238893266,
       0.98793770291194616 ]
translation_vector: !!opencv-matrix
   rows: 3
   cols: 1
   dt: d
   data: [ -0.86168863574109467, 0.4078672826898021,
       -0.30188901064114304 ]
