%YAML:1.0
---
essential_matrix: !!opencv-matrix
   rows: 3
   cols: 3
   dt: d
   data: [ -0.55877023628405986, -0.79049114189976832,
       6.4181365822781862, 1.186975846489484, 0.023070800263266415,
       -0.3024163481118749, -6.4151544916343131, -0.020063959310987405,
       0.79224853778452209 ]
rotation_matrix: !!opencv-matrix
   rows: 3
   cols: 3
   dt: d
   data: [ 0.99970987832586555, 0.01450168721439765,
       -0.019231750976408724, -0.01557220855557466, 0.99826779317073688,
       -0.056735521842390994, 0.018375676814325066, 0.057018542474904677,
       0.99820399734505816 ]
translation_vector: !!opencv-matrix
   rows: 3
   cols: 1
   dt: d
   data: [ 0.024135892299443355, 0.9833974178224314, 0.17985265447883722 ]
