%YAML:1.0
---
fundamental_matrix: !!opencv-matrix
   rows: 3
   cols: 3
   dt: d
   data: [ 6.0390166440657697e-09, -8.4456555913494009e-06,
       0.0053867789107157286, 8.464837446253403e-06,
       7.5395039418851271e-08, -0.009974659318366174,
       -0.0053527931153964812, 0.0082628164937799502, 1. ]
