%YAML:1.0
---
fundamental_matrix: !!opencv-matrix
   rows: 3
   cols: 3
   dt: d
   data: [ -2.3519821677478602e-07, -3.3354137981986874e-07,
       0.0046694336030863766, 5.0083491220342952e-07,
       9.7581463235033965e-09, -0.00058044253610248263,
       -0.0044815152480632047, 0.00022645428958192862, 1. ]
