%YAML:1.0
---
fundamental_matrix: !!opencv-matrix
   rows: 3
   cols: 3
   dt: d
   data: [ 6.3004158606919103e-07, -3.8115605468433978e-06,
       -0.0044911235741706221, 5.788072876119474e-06,
       -2.139949390629437e-07, -0.020311051443899438,
       0.0030592159109592669, 0.019383130229052872, 1. ]
