%YAML:1.0
---
Q: !!opencv-matrix
   rows: 4
   cols: 4
   dt: d
   data: [ 1., 0., 0., -726.64427185058594, 0., 1., 0.,
       -650.43549728393555, 0., 0., 0., 1541.3441555931242, 0., 0., -1.,
       0. ]
P1_rect: !!opencv-matrix
   rows: 3
   cols: 4
   dt: d
   data: [ 1541.3441555931242, 0., 726.64427185058594, 0., 0.,
       1541.3441555931242, 650.43549728393555, 0., 0., 0., 1., 0. ]
P2_rect: !!opencv-matrix
   rows: 3
   cols: 4
   dt: d
   data: [ 1541.3441555931242, 0., 726.64427185058594, 0., 0.,
       1541.3441555931242, 650.43549728393555, 1541.3441555931242, 0.,
       0., 1., 0. ]
